--  --  --------  -----------  ---
X   Y   Diabetes  Respiratory  BP
1   1   0         0            0
1   2   0         0            0
1   3   0         0            0
1   4   0         0            0
1   5   0         0            0
1   6   29        9            4
1   7   163       31           24
1   8   161       30           34
1   9   58        8            14
1   10  16        6            5
1   11  0         0            0
1   12  0         0            0
1   13  2         3            0
1   14  0         0            0
1   15  0         0            0
1   16  0         0            0
1   17  0         0            0
1   18  118       16           25
1   19  502       108          95
1   20  546       99           81
2   1   0         0            0
2   2   0         0            0
2   3   0         0            0
2   4   0         0            0
2   5   48        15           9
2   6   313       71           56
2   7   181       32           24
2   8   206       38           37
2   9   253       49           44
2   10  26        2            0
2   11  0         0            0
2   12  0         0            0
2   13  0         0            0
2   14  11        0            0
2   15  169       30           29
2   16  479       93           94
2   17  179       34           24
2   18  297       65           58
2   19  608       144          117
2   20  622       124          108
3   1   0         0            0
3   2   0         0            0
3   3   0         0            0
3   4   0         0            0
3   5   0         0            0
3   6   94        18           13
3   7   512       109          103
3   8   474       92           91
3   9   122       25           22
3   10  317       49           64
3   11  190       29           40
3   12  0         0            0
3   13  0         0            0
3   14  0         0            0
3   15  47        11           8
3   16  678       123          115
3   17  1500      299          286
3   18  631       120          106
3   19  293       55           56
3   20  233       38           44
4   1   0         0            1
4   2   0         0            0
4   3   0         0            0
4   4   0         0            0
4   5   0         0            0
4   6   0         0            0
4   7   230       44           30
4   8   458       96           105
4   9   293       48           52
4   10  151       36           21
4   11  132       19           33
4   12  45        8            6
4   13  13        1            0
4   14  0         0            0
4   15  0         0            0
4   16  184       30           35
4   17  1059      199          203
4   18  1652      346          313
4   19  844       183          160
4   20  292       65           56
5   1   8         0            0
5   2   0         0            0
5   3   0         0            0
5   4   0         0            0
5   5   0         0            0
5   6   0         0            0
5   7   0         0            0
5   8   203       41           41
5   9   683       142          151
5   10  772       170          152
5   11  989       200          206
5   12  275       54           49
5   13  66        15           14
5   14  220       35           50
5   15  16        4            4
5   16  18        8            4
5   17  307       66           67
5   18  619       122          103
5   19  1214      225          227
5   20  1159      240          203
6   1   0         0            0
6   2   14        3            9
6   3   0         0            0
6   4   0         0            0
6   5   0         0            0
6   6   0         0            0
6   7   23        1            2
6   8   66        15           18
6   9   692       156          119
6   10  966       199          211
6   11  1862      348          311
6   12  1838      369          319
6   13  874       171          153
6   14  336       62           64
6   15  963       204          188
6   16  490       86           72
6   17  140       27           26
6   18  468       80           99
6   19  863       171          157
6   20  714       135          130
7   1   9         2            2
7   2   0         0            0
7   3   23        7            3
7   4   57        9            7
7   5   56        12           8
7   6   63        15           19
7   7   492       130          121
7   8   172       24           30
7   9   298       52           60
7   10  972       223          196
7   11  994       200          208
7   12  2168      422          356
7   13  1969      438          362
7   14  1867      363          336
7   15  1993      428          367
7   16  1366      287          243
7   17  386       73           61
7   18  78        10           10
7   19  264       40           43
7   20  799       174          155
8   1   3         0            1
8   2   5         3            0
8   3   53        11           5
8   4   83        9            19
8   5   92        17           12
8   6   543       121          112
8   7   623       114          109
8   8   1487      301          256
8   9   358       86           54
8   10  374       72           67
8   11  949       189          146
8   12  2462      542          443
8   13  3378      647          648
8   14  1140      216          204
8   15  446       79           74
8   16  402       89           70
8   17  294       48           67
8   18  203       40           25
8   19  115       19           11
8   20  232       37           45
9   1   0         0            0
9   2   0         0            0
9   3   57        12           11
9   4   338       76           73
9   5   296       63           55
9   6   108       17           17
9   7   602       106          121
9   8   388       79           58
9   9   1737      339          350
9   10  1015      218          189
9   11  199       34           30
9   12  183       52           49
9   13  1253      271          219
9   14  1493      286          285
9   15  1258      240          228
9   16  1227      249          217
9   17  1056      191          195
9   18  272       53           42
9   19  288       61           60
9   20  93        21           19
10  1   0         0            0
10  2   0         0            0
10  3   79        14           24
10  4   239       57           31
10  5   1333      262          221
10  6   1487      312          236
10  7   420       86           65
10  8   202       40           43
10  9   240       62           37
10  10  329       56           53
10  11  757       158          152
10  12  227       43           49
10  13  111       20           17
10  14  1046      217          177
10  15  1777      348          348
10  16  1287      268          209
10  17  1307      286          225
10  18  821       176          149
10  19  215       39           34
10  20  297       65           43
11  1   0         0            0
11  2   0         0            0
11  3   46        4            2
11  4   584       98           101
11  5   813       151          148
11  6   2275      453          376
11  7   2851      570          532
11  8   1610      326          265
11  9   1046      188          193
11  10  312       49           56
11  11  259       53           48
11  12  359       79           71
11  13  399       81           84
11  14  514       101          93
11  15  209       48           43
11  16  592       127          110
11  17  111       17           16
11  18  25        4            3
11  19  386       62           70
11  20  122       30           28
12  1   51        10           12
12  2   0         0            0
12  3   414       81           74
12  4   255       53           46
12  5   478       87           96
12  6   372       70           70
12  7   2227      486          403
12  8   1631      315          308
12  9   1910      410          331
12  10  452       99           88
12  11  419       82           87
12  12  528       96           87
12  13  633       128          120
12  14  383       98           85
12  15  319       67           73
12  16  66        14           13
12  17  219       37           47
12  18  28        3            3
12  19  2         1            0
12  20  77        13           12
13  1   0         0            0
13  2   240       42           44
13  3   97        27           15
13  4   691       144          137
13  5   694       147          141
13  6   553       116          95
13  7   221       57           39
13  8   2462      477          457
13  9   1299      271          236
13  10  504       100          95
13  11  282       70           54
13  12  303       48           48
13  13  152       32           27
13  14  642       103          111
13  15  525       94           95
13  16  269       63           56
13  17  35        3            8
13  18  138       19           22
13  19  0         0            0
13  20  0         0            0
14  1   59        10           5
14  2   94        20           17
14  3   632       135          101
14  4   628       128          150
14  5   293       56           56
14  6   401       88           65
14  7   523       106          91
14  8   113       31           38
14  9   1298      260          224
14  10  569       111          98
14  11  565       102          111
14  12  369       73           67
14  13  314       83           64
14  14  215       51           43
14  15  205       37           31
14  16  295       87           52
14  17  151       24           31
14  18  6         4            2
14  19  43        5            8
14  20  0         0            0
15  1   0         0            0
15  2   95        10           19
15  3   263       69           44
15  4   583       130          111
15  5   73        16           14
15  6   22        2            3
15  7   449       81           81
15  8   378       67           71
15  9   57        10           19
15  10  666       125          120
15  11  345       82           76
15  12  113       19           22
15  13  227       40           48
15  14  232       41           50
15  15  73        13           9
15  16  62        13           5
15  17  64        23           12
15  18  34        10           8
15  19  2         0            0
15  20  39        11           16
16  1   30        6            2
16  2   55        12           9
16  3   224       48           36
16  4   469       92           95
16  5   402       82           62
16  6   177       48           30
16  7   54        8            9
16  8   351       67           66
16  9   292       71           43
16  10  192       41           39
16  11  134       28           32
16  12  175       29           39
16  13  48        12           10
16  14  17        4            2
16  15  84        12           5
16  16  12        4            1
16  17  20        4            5
16  18  5         0            1
16  19  0         0            0
16  20  0         0            0
17  1   60        11           11
17  2   233       42           29
17  3   163       35           29
17  4   191       41           27
17  5   554       109          99
17  6   403       52           79
17  7   328       66           55
17  8   33        6            8
17  9   428       85           66
17  10  230       36           40
17  11  65        13           12
17  12  51        9            14
17  13  18        5            5
17  14  20        3            8
17  15  0         0            0
17  16  15        3            5
17  17  0         0            0
17  18  0         0            0
17  19  73        14           11
17  20  202       41           47
18  1   227       36           34
18  2   224       48           41
18  3   286       52           50
18  4   287       66           41
18  5   257       52           38
18  6   331       99           75
18  7   384       85           76
18  8   449       84           80
18  9   444       90           85
18  10  762       144          125
18  11  183       32           33
18  12  106       25           19
18  13  338       65           75
18  14  217       50           43
18  15  381       73           56
18  16  297       61           60
18  17  223       44           34
18  18  72        14           12
18  19  48        10           11
18  20  56        12           11
19  1   26        7            9
19  2   244       49           41
19  3   181       37           36
19  4   211       63           46
19  5   318       90           47
19  6   433       95           74
19  7   76        18           13
19  8   313       90           57
19  9   962       178          182
19  10  121       28           21
19  11  651       116          128
19  12  253       40           50
19  13  325       66           55
19  14  905       156          167
19  15  853       195          159
19  16  707       149          132
19  17  206       44           42
19  18  78        18           9
19  19  34        9            3
19  20  57        10           7
20  1   0         0            0
20  2   47        10           10
20  3   299       66           55
20  4   233       45           38
20  5   392       78           67
20  6   157       27           26
20  7   261       55           53
20  8   22        4            4
20  9   304       59           46
20  10  1303      260          275
20  11  649       147          130
20  12  454       84           102
20  13  201       45           37
20  14  211       53           38
20  15  146       33           24
20  16  136       22           15
20  17  458       102          78
20  18  128       31           28
20  19  18        1            2
20  20  0         0            1
--  --  --------  -----------  ---